Sector,latitude,longitude,price
Sector1,28.5176,77.0454,5734.5
Sector2,28.5095,77.032,6561.4
Sector11,28.4531,77.0202,4710.5
Sector12,28.4723,77.032,6090.666666666667
Sector21,28.5134,77.0723,6456.0
Sector22,28.5072,77.064,15832.222222222223
Sector33,28.442,77.0207,7706.222222222223
Sector36,28.416,76.9914,6668.0
Sector38,28.4347,77.043,11938.0
Sector47,28.4276,77.0492,10036.75
Sector49,28.4121,77.048,11428.166666666666
Sector50,28.4178,77.0628,11943.2
Sector51,28.432,77.0686,13913.5
Sector53,28.4433,77.0948,20977.833333333332
Sector55,28.4281,77.11,10236.666666666666
Sector56,28.4245,77.0991,8373.863636363636
Sector57,28.4232,77.0752,10046.5
Sector59,28.4051,77.1097,17475.625
Sector61,28.405,77.0963,14665.658536585366
Sector66,28.3925,77.0541,14321.793103448275
Sector67,28.3859,77.0608,12915.904761904761
Sector68,28.3853,77.0484,8914.466666666667
Sector69,28.3966,77.0341,9107.0
Sector70,28.3968,77.0233,9636.698113207547
Sector71,28.4104,77.0281,7717.111111111111
Sector72,28.4225,77.0211,13184.84
Sector73,28.4072,77.0118,6620.0
Sector74,28.4158,77.0118,11790.277777777777
Sector76,28.3935,76.9888,9251.0
Sector79,28.3624,76.9787,8443.3
Sector80,28.3659,76.9557,7498.2
Sector82,28.3935,76.96,6609.59375
Sector85,28.4042,76.9513,7846.572727272727
Sector86,28.3986,76.9384,7555.403225806452
Sector89,28.4253,76.9439,9011.018518518518
Sector90,28.4085,76.9369,6404.288888888889
Sector91,28.4014,76.9225,7139.6
Sector92,28.4079,76.9153,5841.12
Sector93,28.4153,76.9326,8240.7
Sector95,28.4172,76.9081,5499.632653061224
Sector99,28.464,76.9614,7163.0
Sector102,28.475,76.9715,10640.946902654867
Sector103,28.4949,76.9845,7302.4390243902435
Sector104,28.4788,76.996,8761.553846153845
Sector105,28.4952,77.0114,5168.0
Sector106,28.5007,77.0003,8444.432432432432
Sector107,28.5052,76.9729,6643.050847457627
Sector110,28.5145,77.0197,9842.933333333332
Sector111,28.5238,77.032,11713.285714285714
Sector112,28.5282,77.0176,11891.52380952381
